╭ Otavio on DESKTOP-7VKKJFV at …\python_e_tals & D:/AnacondaPY/python.exe d:/_Assets_Library/projects/faculdade/python_e_tals/pcentros_trabalho/main.py
numero de pontos: 25
numero de centros: 3
conexões minimas: 6
conexões maximas: 10
[[201, 411]]
[[201, 411], [459, 116]]
[[201, 411], [459, 116], [83, 175]]
[[201, 411], [459, 116], [83, 175], [250, 151]]
[[201, 411], [459, 116], [83, 175], [250, 151], [73, 553]]
[[201, 411], [459, 116], [83, 175], [250, 151], [73, 553], [707, 652]]
[[201, 411], [459, 116], [83, 175], [250, 151], [73, 553], [707, 652], [665, 562]]
[[201, 411], [459, 116], [83, 175], [250, 151], [73, 553], [707, 652], [665, 562], [483, 300]]
[[201, 411], [459, 116], [83, 175], [250, 151], [73, 553], [707, 652], [665, 562], [483, 300], [503, 202]]
[[201, 411], [459, 116], [83, 175], [250, 151], [73, 553], [707, 652], [665, 562], [483, 300], [503, 202], [976, 569]]
[[201, 411], [459, 116], [83, 175], [250, 151], [73, 553], [707, 652], [665, 562], [483, 300], [503, 202], [976, 569], [737, 208]]
[[201, 411], [459, 116], [83, 175], [250, 151], [73, 553], [707, 652], [665, 562], [483, 300], [503, 202], [976, 569], [737, 208], [558, 232]]
[[201, 411], [459, 116], [83, 175], [250, 151], [73, 553], [707, 652], [665, 562], [483, 300], [503, 202], [976, 569], [737, 208], [558, 232], [878, 66]]    
[[201, 411], [459, 116], [83, 175], [250, 151], [73, 553], [707, 652], [665, 562], [483, 300], [503, 202], [976, 569], [737, 208], [558, 232], [878, 66], [612, 281]]
[[201, 411], [459, 116], [83, 175], [250, 151], [73, 553], [707, 652], [665, 562], [483, 300], [503, 202], [976, 569], [737, 208], [558, 232], [878, 66], [612, 281], [108, 872]]
[[201, 411], [459, 116], [83, 175], [250, 151], [73, 553], [707, 652], [665, 562], [483, 300], [503, 202], [976, 569], [737, 208], [558, 232], [878, 66], [612, 281], [108, 872], [146, 703]]
[[201, 411], [459, 116], [83, 175], [250, 151], [73, 553], [707, 652], [665, 562], [483, 300], [503, 202], [976, 569], [737, 208], [558, 232], [878, 66], [612, 281], [108, 872], [146, 703], [735, 38]]
[[201, 411], [459, 116], [83, 175], [250, 151], [73, 553], [707, 652], [665, 562], [483, 300], [503, 202], [976, 569], [737, 208], [558, 232], [878, 66], [612, 281], [108, 872], [146, 703], [735, 38], [851, 337]]
[[201, 411], [459, 116], [83, 175], [250, 151], [73, 553], [707, 652], [665, 562], [483, 300], [503, 202], [976, 569], [737, 208], [558, 232], [878, 66], [612, 281], [108, 872], [146, 703], [735, 38], [851, 337], [735, 135]]
[[201, 411], [459, 116], [83, 175], [250, 151], [73, 553], [707, 652], [665, 562], [483, 300], [503, 202], [976, 569], [737, 208], [558, 232], [878, 66], [612, 281], [108, 872], [146, 703], [735, 38], [851, 337], [735, 135], [452, 108]]
[[201, 411], [459, 116], [83, 175], [250, 151], [73, 553], [707, 652], [665, 562], [483, 300], [503, 202], [976, 569], [737, 208], [558, 232], [878, 66], [612, 281], [108, 872], [146, 703], [735, 38], [851, 337], [735, 135], [452, 108], [771, 789]]
[[201, 411], [459, 116], [83, 175], [250, 151], [73, 553], [707, 652], [665, 562], [483, 300], [503, 202], [976, 569], [737, 208], [558, 232], [878, 66], [612, 281], [108, 872], [146, 703], [735, 38], [851, 337], [735, 135], [452, 108], [771, 789], [375, 6]]
[[201, 411], [459, 116], [83, 175], [250, 151], [73, 553], [707, 652], [665, 562], [483, 300], [503, 202], [976, 569], [737, 208], [558, 232], [878, 66], [612, 281], [108, 872], [146, 703], [735, 38], [851, 337], [735, 135], [452, 108], [771, 789], [375, 6], [332, 984]]
[[201, 411], [459, 116], [83, 175], [250, 151], [73, 553], [707, 652], [665, 562], [483, 300], [503, 202], [976, 569], [737, 208], [558, 232], [878, 66], [612, 281], [108, 872], [146, 703], [735, 38], [851, 337], [735, 135], [452, 108], [771, 789], [375, 6], [332, 984], [165, 859]]
[[201, 411], [459, 116], [83, 175], [250, 151], [73, 553], [707, 652], [665, 562], [483, 300], [503, 202], [976, 569], [737, 208], [558, 232], [878, 66], [612, 281], [108, 872], [146, 703], [735, 38], [851, 337], [735, 135], [452, 108], [771, 789], [375, 6], [332, 984], [165, 859], [110, 483]]
--------------
[201, 411, [], 459, 116, [], 83, 175, [], 250, 151, [], 73, 553, [], 707, 652, [], 665, 562, [], 483, 300, [], 503, 202, [], 976, 569, [], 737, 208, [], 558, 232, [], 878, 66, [], 612, 281, [], 108, 872, [], 146, 703, [], 735, 38, [], 851, 337, [], 735, 135, [], 452, 108, [], 771, 789, [], 375, 6, [], 332, 984, [], 165, 859, [], 110, 483, []]

╭ Otavio on DESKTOP-7VKKJFV at …\python_e_tals